0.09106227106227105
0.09106227106227105
0.09106227106227105
0.09106227106227105
0.09106227106227105
0.09106227106227105
0.09106227106227105
0.09106227106227105
0.09106227106227105
0.09106227106227105
0.09106227106227105
0.09106227106227105
0.09106227106227105
0.09106227106227105
0.09106227106227105
0.09106227106227105
0.09106227106227105
0.09106227106227105
0.09106227106227105
0.09025641025641025
0.09106227106227105
0.09106227106227105
0.09106227106227105
0.09106227106227105
0.09106227106227105
0.09106227106227105
0.09106227106227105
0.09106227106227105
0.09106227106227105
0.09106227106227105
0.09106227106227105
0.09106227106227105
0.09106227106227105
0.09106227106227105
0.09106227106227105
0.09106227106227105
0.09106227106227105
0.09106227106227105
0.09106227106227105
0.09106227106227105
0.09106227106227105
0.09106227106227105
0.09106227106227105
0.09106227106227105
0.09106227106227105
0.09106227106227105
0.09106227106227105
0.09106227106227105
0.09106227106227105
0.09106227106227105
0.09106227106227105
0.09106227106227105
0.09106227106227105
0.09106227106227105
0.09106227106227105
0.09106227106227105
0.09106227106227105
0.09106227106227105
0.09106227106227105
0.09106227106227105
0.09106227106227105
0.09106227106227105
0.09106227106227105
0.09106227106227105
0.09106227106227105
0.09106227106227105
0.09106227106227105
0.09106227106227105
0.09106227106227105
0.09106227106227105
0.09106227106227105
0.09186813186813186
0.09186813186813186
0.09267399267399268
0.09267399267399268
0.09186813186813186
0.09186813186813186
0.09106227106227105
0.09186813186813186
0.09106227106227105
0.09106227106227105
0.09106227106227105
0.09186813186813186
0.09186813186813186
0.09106227106227105
0.09106227106227105
0.09106227106227105
0.09106227106227105
0.09106227106227105
0.09106227106227105
0.09186813186813186
0.09106227106227105
0.09106227106227105
0.09106227106227105
0.09186813186813186
0.09186813186813186
0.09186813186813186
0.09186813186813186
0.09267399267399268
0.09267399267399268
0.09267399267399268
0.09186813186813186
0.09186813186813186
0.09106227106227105
0.09186813186813186
0.09186813186813186
0.09106227106227105
0.09106227106227105
0.09106227106227105
0.09106227106227105
0.09106227106227105
0.09106227106227105
0.09106227106227105
0.09106227106227105
0.09106227106227105
0.09106227106227105
0.09106227106227105
0.09106227106227105
0.09106227106227105
0.09186813186813186
0.09106227106227105
0.09106227106227105
0.09106227106227105
0.09106227106227105
0.09106227106227105
0.09106227106227105
0.09106227106227105
0.09106227106227105
0.09106227106227105
0.09106227106227105
0.09186813186813186
0.09106227106227105
0.09106227106227105
0.09106227106227105
0.09106227106227105
0.09106227106227105
0.09106227106227105
0.09106227106227105
0.09106227106227105
0.09106227106227105
0.09106227106227105
0.09186813186813186
0.09106227106227105
0.09106227106227105
0.09106227106227105
0.09106227106227105
0.09025641025641025
0.09106227106227105
0.09106227106227105
0.09106227106227105
0.09106227106227105
0.09106227106227105
0.09106227106227105
0.09106227106227105
0.09106227106227105
0.09106227106227105
0.09106227106227105
0.09106227106227105
0.09106227106227105
0.09106227106227105
0.09106227106227105
0.09106227106227105
0.09106227106227105
0.09106227106227105
0.09106227106227105
0.09106227106227105
0.09106227106227105
0.09106227106227105
0.09106227106227105
0.09106227106227105
0.09106227106227105
0.09106227106227105
0.09106227106227105
0.09106227106227105
0.09106227106227105
0.09106227106227105
0.09186813186813186
0.09267399267399268
0.09267399267399268
0.09186813186813186
0.09186813186813186
0.09186813186813186
0.09106227106227105
0.09106227106227105
0.09106227106227105
0.09106227106227105
0.09186813186813186
0.09106227106227105
0.09186813186813186
0.09106227106227105
0.09106227106227105
0.09186813186813186
0.09106227106227105
0.09106227106227105
0.09186813186813186
0.09106227106227105
0.09106227106227105
0.09186813186813186
0.09186813186813186
0.09186813186813186
0.09186813186813186
0.09267399267399268
0.09267399267399268
0.09267399267399268
0.09186813186813186
0.09186813186813186
0.09106227106227105
0.09106227106227105
0.09186813186813186
0.09106227106227105
0.09106227106227105
0.09106227106227105
0.09106227106227105
0.09106227106227105
0.09106227106227105
0.09106227106227105
0.09106227106227105
0.09106227106227105
0.09106227106227105
0.09106227106227105
0.09106227106227105
0.09106227106227105
0.09106227106227105
0.09106227106227105
0.09106227106227105
0.09106227106227105
0.09106227106227105
0.09106227106227105
0.09106227106227105
0.09106227106227105
0.09106227106227105
0.09106227106227105
0.09106227106227105
0.09106227106227105
0.09106227106227105
0.09106227106227105
0.09106227106227105
0.09106227106227105
0.09106227106227105
0.09106227106227105
